{
 "cells": [
  {
   "cell_type": "code",
   "execution_count": 68,
   "metadata": {
    "collapsed": false,
    "scrolled": false
   },
   "outputs": [
    {
     "name": "stdout",
     "output_type": "stream",
     "text": [
      "Loading poses for sequence 00...\n",
      "done.\n",
      "[array([[  1.00000000e+00,   9.04368000e-12,   2.32680900e-11,\n",
      "          5.55111500e-17],\n",
      "       [  9.04368300e-12,   1.00000000e+00,   2.39237000e-10,\n",
      "          3.33066900e-16],\n",
      "       [  2.32681000e-11,   2.39237000e-10,   9.99999900e-01,\n",
      "         -4.44089200e-16],\n",
      "       [  0.00000000e+00,   0.00000000e+00,   0.00000000e+00,\n",
      "          1.00000000e+00]]), array([[  9.99997800e-01,   5.27262800e-04,  -2.06693500e-03,\n",
      "         -4.69029400e-02],\n",
      "       [ -5.29650600e-04,   9.99999200e-01,  -1.15486500e-03,\n",
      "         -2.83992800e-02],\n",
      "       [  2.06632400e-03,   1.15595800e-03,   9.99997100e-01,\n",
      "          8.58694100e-01],\n",
      "       [  0.00000000e+00,   0.00000000e+00,   0.00000000e+00,\n",
      "          1.00000000e+00]])]\n",
      "Loading poses for sequence 01...\n",
      "done.\n",
      "[array([[  1.00000000e+00,   9.04368300e-12,   2.32680900e-11,\n",
      "          1.11022300e-16],\n",
      "       [  9.04368300e-12,   1.00000000e+00,   2.39237000e-10,\n",
      "          2.22044600e-16],\n",
      "       [  2.32681000e-11,   2.39237000e-10,   9.99999900e-01,\n",
      "         -2.22044600e-16],\n",
      "       [  0.00000000e+00,   0.00000000e+00,   0.00000000e+00,\n",
      "          1.00000000e+00]]), array([[ 0.9990498 , -0.00164978,  0.04355194,  0.05154656],\n",
      "       [ 0.00176042,  0.9999953 , -0.00250224, -0.02424883],\n",
      "       [-0.0435476 ,  0.00257653,  0.999048  ,  1.000725  ],\n",
      "       [ 0.        ,  0.        ,  0.        ,  1.        ]])]\n",
      "Loading poses for sequence 02...\n",
      "done.\n",
      "[array([[  1.00000000e+00,   9.04368300e-12,   2.32680900e-11,\n",
      "          1.11022300e-16],\n",
      "       [  9.04368300e-12,   1.00000000e+00,   2.39237000e-10,\n",
      "          3.33066900e-16],\n",
      "       [  2.32681000e-11,   2.39237000e-10,   9.99999900e-01,\n",
      "         -2.22044600e-16],\n",
      "       [  0.00000000e+00,   0.00000000e+00,   0.00000000e+00,\n",
      "          1.00000000e+00]]), array([[  9.99996700e-01,  -2.22014100e-03,  -1.30394300e-03,\n",
      "          5.54252400e-03],\n",
      "       [  2.22360300e-03,   9.99994000e-01,   2.65956100e-03,\n",
      "         -3.04769400e-02],\n",
      "       [  1.29803000e-03,  -2.66245100e-03,   9.99995600e-01,\n",
      "          1.52897500e+00],\n",
      "       [  0.00000000e+00,   0.00000000e+00,   0.00000000e+00,\n",
      "          1.00000000e+00]])]\n",
      "Loading poses for sequence 03...\n",
      "done.\n",
      "[array([[  1.00000000e+00,  -1.82283500e-10,   5.24111100e-10,\n",
      "         -5.55111500e-17],\n",
      "       [ -1.82283500e-10,   9.99999900e-01,  -5.07285500e-10,\n",
      "         -3.33066900e-16],\n",
      "       [  5.24111100e-10,  -5.07285500e-10,   9.99999900e-01,\n",
      "          2.22044600e-16],\n",
      "       [  0.00000000e+00,   0.00000000e+00,   0.00000000e+00,\n",
      "          1.00000000e+00]]), array([[  9.99998600e-01,   7.12212800e-04,   1.53351400e-03,\n",
      "         -1.10110200e-02],\n",
      "       [ -7.05572000e-04,   9.99990300e-01,  -4.32703600e-03,\n",
      "         -1.71216400e-02],\n",
      "       [ -1.53658000e-03,   4.32594600e-03,   9.99989400e-01,\n",
      "          9.61713000e-01],\n",
      "       [  0.00000000e+00,   0.00000000e+00,   0.00000000e+00,\n",
      "          1.00000000e+00]])]\n",
      "Loading poses for sequence 04...\n",
      "done.\n",
      "[array([[  1.00000000e+00,   1.19762500e-11,   1.70463800e-10,\n",
      "         -5.55111500e-17],\n",
      "       [  1.19762500e-11,   1.00000000e+00,   3.56250300e-10,\n",
      "          0.00000000e+00],\n",
      "       [  1.70463800e-10,   3.56250300e-10,   1.00000000e+00,\n",
      "          2.22044600e-16],\n",
      "       [  0.00000000e+00,   0.00000000e+00,   0.00000000e+00,\n",
      "          1.00000000e+00]]), array([[  9.99999600e-01,  -9.03518500e-04,  -2.10116900e-04,\n",
      "          1.28912800e-03],\n",
      "       [  9.03796400e-04,   9.99998700e-01,   1.32564600e-03,\n",
      "         -1.82161600e-02],\n",
      "       [  2.08919300e-04,  -1.32583400e-03,   9.99999100e-01,\n",
      "          1.31064300e+00],\n",
      "       [  0.00000000e+00,   0.00000000e+00,   0.00000000e+00,\n",
      "          1.00000000e+00]])]\n",
      "Loading poses for sequence 05...\n",
      "done.\n",
      "[array([[  1.00000000e+00,   1.19762500e-11,   1.70463800e-10,\n",
      "          1.11022300e-16],\n",
      "       [  1.19762500e-11,   1.00000000e+00,   3.56250300e-10,\n",
      "          0.00000000e+00],\n",
      "       [  1.70463800e-10,   3.56250300e-10,   1.00000000e+00,\n",
      "          2.22044600e-16],\n",
      "       [  0.00000000e+00,   0.00000000e+00,   0.00000000e+00,\n",
      "          1.00000000e+00]]), array([[  9.99996800e-01,  -1.95898800e-03,  -1.63012900e-03,\n",
      "          3.49972300e-03],\n",
      "       [  1.95740100e-03,   9.99997600e-01,  -9.74505700e-04,\n",
      "         -9.78932800e-03],\n",
      "       [  1.63203500e-03,   9.71312300e-04,   9.99998200e-01,\n",
      "          5.65351100e-01],\n",
      "       [  0.00000000e+00,   0.00000000e+00,   0.00000000e+00,\n",
      "          1.00000000e+00]])]\n",
      "Loading poses for sequence 06...\n",
      "done.\n",
      "[array([[  1.00000000e+00,   1.19762500e-11,   1.70463800e-10,\n",
      "          0.00000000e+00],\n",
      "       [  1.19762500e-11,   1.00000000e+00,   3.56250300e-10,\n",
      "         -1.11022300e-16],\n",
      "       [  1.70463800e-10,   3.56250300e-10,   1.00000000e+00,\n",
      "          2.22044600e-16],\n",
      "       [  0.00000000e+00,   0.00000000e+00,   0.00000000e+00,\n",
      "          1.00000000e+00]]), array([[  9.99999500e-01,   7.19682400e-04,  -6.87087600e-04,\n",
      "         -1.40175100e-02],\n",
      "       [ -7.19771700e-04,   9.99999700e-01,  -1.29563300e-04,\n",
      "         -2.82032100e-02],\n",
      "       [  6.86994600e-04,   1.30058500e-04,   9.99999800e-01,\n",
      "          1.19899800e+00],\n",
      "       [  0.00000000e+00,   0.00000000e+00,   0.00000000e+00,\n",
      "          1.00000000e+00]])]\n",
      "Loading poses for sequence 07...\n",
      "done.\n",
      "[array([[  1.00000000e+00,   1.19762500e-11,   1.70463800e-10,\n",
      "          5.55111500e-17],\n",
      "       [  1.19762500e-11,   1.00000000e+00,   3.56250300e-10,\n",
      "          0.00000000e+00],\n",
      "       [  1.70463800e-10,   3.56250300e-10,   1.00000000e+00,\n",
      "          2.22044600e-16],\n",
      "       [  0.00000000e+00,   0.00000000e+00,   0.00000000e+00,\n",
      "          1.00000000e+00]]), array([[  9.99979500e-01,   5.02512300e-04,  -6.38035800e-03,\n",
      "         -4.59671400e-03],\n",
      "       [ -5.00516000e-04,   9.99999800e-01,   3.14487800e-04,\n",
      "         -2.00152400e-03],\n",
      "       [  6.38051500e-03,  -3.11287100e-04,   9.99979600e-01,\n",
      "          9.15427400e-02],\n",
      "       [  0.00000000e+00,   0.00000000e+00,   0.00000000e+00,\n",
      "          1.00000000e+00]])]\n",
      "Loading poses for sequence 08...\n",
      "done.\n",
      "[array([[  1.00000000e+00,   1.19762400e-11,   1.70463900e-10,\n",
      "          3.21409600e-14],\n",
      "       [  1.19762500e-11,   1.00000000e+00,   3.56250300e-10,\n",
      "         -1.99840100e-15],\n",
      "       [  1.70463900e-10,   3.56250300e-10,   1.00000000e+00,\n",
      "         -4.04121200e-14],\n",
      "       [  0.00000000e+00,   0.00000000e+00,   0.00000000e+00,\n",
      "          1.00000000e+00]]), array([[  9.99995600e-01,   2.87221900e-03,   6.83995200e-04,\n",
      "          3.87973800e-03],\n",
      "       [ -2.87371200e-03,   9.99993400e-01,   2.19030200e-03,\n",
      "         -1.84990600e-01],\n",
      "       [ -6.77699500e-04,  -2.19225700e-03,   9.99997400e-01,\n",
      "          8.08513600e-01],\n",
      "       [  0.00000000e+00,   0.00000000e+00,   0.00000000e+00,\n",
      "          1.00000000e+00]])]\n",
      "Loading poses for sequence 09...\n",
      "done.\n",
      "[array([[  1.00000000e+00,   1.19762500e-11,   1.70463800e-10,\n",
      "          5.55111500e-17],\n",
      "       [  1.19762500e-11,   1.00000000e+00,   3.56250300e-10,\n",
      "          0.00000000e+00],\n",
      "       [  1.70463800e-10,   3.56250300e-10,   1.00000000e+00,\n",
      "          2.22044600e-16],\n",
      "       [  0.00000000e+00,   0.00000000e+00,   0.00000000e+00,\n",
      "          1.00000000e+00]]), array([[ 0.9999268 , -0.00309241,  0.01169425,  0.02138869],\n",
      "       [ 0.00307922,  0.9999946 ,  0.00114603, -0.00845643],\n",
      "       [-0.01169773, -0.00110993,  0.999931  ,  0.2880714 ],\n",
      "       [ 0.        ,  0.        ,  0.        ,  1.        ]])]\n",
      "Loading poses for sequence 10...\n",
      "done.\n",
      "[array([[  1.00000000e+00,   1.19762500e-11,   1.70463800e-10,\n",
      "          1.66533500e-16],\n",
      "       [  1.19762500e-11,   1.00000000e+00,   3.56250300e-10,\n",
      "         -1.11022300e-16],\n",
      "       [  1.70463800e-10,   3.56250300e-10,   1.00000000e+00,\n",
      "          2.22044600e-16],\n",
      "       [  0.00000000e+00,   0.00000000e+00,   0.00000000e+00,\n",
      "          1.00000000e+00]]), array([[  9.99880400e-01,   1.38157100e-03,   1.54075600e-02,\n",
      "          1.21018700e-02],\n",
      "       [ -1.36595500e-03,   9.99998500e-01,  -1.02397000e-03,\n",
      "          4.46873600e-04],\n",
      "       [ -1.54089500e-02,   1.00280100e-03,   9.99880800e-01,\n",
      "          1.26728100e-01],\n",
      "       [  0.00000000e+00,   0.00000000e+00,   0.00000000e+00,\n",
      "          1.00000000e+00]])]\n"
     ]
    }
   ],
   "source": [
    "# Y axis is elevation\n",
    "from os import listdir\n",
    "import numpy as np\n",
    "import pykitti\n",
    "import matplotlib.pyplot as plt\n",
    "from scipy.misc import imread\n",
    "\n",
    "#Loads x,y,z translation and Euler x,y,z into a Python list\n",
    "def load_trans_rot_matrix():\n",
    "    \n",
    "    directoryL = \"/home/sexy/Documents/dataset/\"\n",
    "    list_Y = []\n",
    "    \n",
    "    for i in range(11): #One for each sequence\n",
    "        data = pykitti.odometry(directoryL, str(i).zfill(2))\n",
    "        data.load_poses()\n",
    "\n",
    "        print (data.T_w_cam0[:2])\n",
    "        Y = np.zeros((len(data.T_w_cam0),6))\n",
    "        Y_delta = np.zeros((len(data.T_w_cam0),6))\n",
    "        Y_d = np.zeros((len(data.T_w_cam0),7))\n",
    "        \n",
    "        #Array with original total distances and total relative x,y,z angles calculated from rotational matrix\n",
    "        for j in range(len(data.T_w_cam0)):\n",
    "            Y[j,:3] = data.T_w_cam0[j][:-1,-1]\n",
    "            Y[j,3] = np.arctan2(data.T_w_cam0[j][2,1], data.T_w_cam0[j][2,2])\n",
    "            Y[j,4] = np.arctan2(-data.T_w_cam0[j][2,0], np.sqrt(np.square(data.T_w_cam0[j][2,1]) + np.square(data.T_w_cam0[j][2,2])))\n",
    "            Y[j,5] = np.arctan2(data.T_w_cam0[j][1,0], data.T_w_cam0[j][0,0])\n",
    "        \n",
    "        #Array with total distances traveled and changes in angles\n",
    "        for k in range(len(data.T_w_cam0)-1):\n",
    "            Y_delta[k+1,0] = Y[k+1,0]\n",
    "            Y_delta[k+1,1] = Y[k+1,1]\n",
    "            Y_delta[k+1,2] = Y[k+1,2]\n",
    "            Y_delta[k+1,3] = Y[k+1,3]-Y[k,3] #The angles varied from -pi to pi, so it seemed global\n",
    "            Y_delta[k+1,4] = Y[k+1,4]-Y[k,4] #This is calculating differences\n",
    "            Y_delta[k+1,5] = Y[k+1,5]-Y[k,5]\n",
    "        \n",
    "        #Array with delta distances, delta angles, and euclidian distance\n",
    "        for k in range(len(data.T_w_cam0)-1):\n",
    "            Y_d[k+1,0] = Y[k+1,0]-Y[k,0]\n",
    "            Y_d[k+1,1] = Y[k+1,1]-Y[k,1]\n",
    "            Y_d[k+1,2] = Y[k+1,2]-Y[k,2]\n",
    "            Y_d[k+1,3] = Y[k+1,3]-Y[k,3] \n",
    "            Y_d[k+1,4] = Y[k+1,4]-Y[k,4] \n",
    "            Y_d[k+1,5] = Y[k+1,5]-Y[k,5]\n",
    "            Y_d[k+1,6] = np.sqrt(np.square(Y_d[k+1,0])+np.square(Y_d[k+1,1])+np.square(Y_d[k+1,2]))\n",
    "        \n",
    "        list_Y.append(Y)\n",
    "        \n",
    "    return list_Y\n",
    "\n",
    "d = load_trans_rot_matrix()\n",
    "q = d[2]\n",
    "\n",
    "#t = np.arange(q.shape[0])\n",
    "#s = np.arange(100)\n",
    "#plt.plot(t,q[:,2],t,q[:,6]*np.cos(q[:,5]))\n",
    "#plt.plot(q[:,0],q[:,2])\n",
    "#plt.show()\n"
   ]
  },
  {
   "cell_type": "code",
   "execution_count": null,
   "metadata": {
    "collapsed": true
   },
   "outputs": [],
   "source": []
  }
 ],
 "metadata": {
  "anaconda-cloud": {},
  "kernelspec": {
   "display_name": "Python [conda root]",
   "language": "python",
   "name": "conda-root-py"
  },
  "language_info": {
   "codemirror_mode": {
    "name": "ipython",
    "version": 3
   },
   "file_extension": ".py",
   "mimetype": "text/x-python",
   "name": "python",
   "nbconvert_exporter": "python",
   "pygments_lexer": "ipython3",
   "version": "3.5.2"
  }
 },
 "nbformat": 4,
 "nbformat_minor": 2
}
